From http://www.ncpublicschools.org/docs/accountability/reports/green/1314/scorefreq1314.pdf
2013-14 Grades 3, 4, 5,ELA and MA,Level,Frequency,counts

Grade,Subject,acYear,Level,Score,Freq,X,Y,Z
3,ELA,"2013-14",5,461,2233,111182,2.01,100.00
3,ELA,"2013-14",5,457,4689,108949,4.22,97.99
3,ELA,"2013-14",5,454,6251,104260,5.62,93.77
3,ELA,"2013-14",5,453,463,98009,0.42,88.15
3,ELA,"2013-14",4,451,6740,97546,6.06,87.74
3,ELA,"2013-14",4,449,7167,90806,6.45,81.67
3,ELA,"2013-14",4,447,7290,83639,6.56,75.23
3,ELA,"2013-14",4,445,6793,76349,6.11,68.67
3,ELA,"2013-14",4,444,6431,69556,5.78,62.56
3,ELA,"2013-14",4,443,187,63125,0.17,56.78
3,ELA,"2013-14",4,442,6206,62938,5.58,56.61
3,ELA,"2013-14",3,441,5100,56732,4.59,51.03
3,ELA,"2013-14",3,440,4756,51632,4.28,46.44
3,ELA,"2013-14",3,439,4412,46876,3.97,42.16
3,ELA,"2013-14",2,438,3722,42464,3.35,38.19
3,ELA,"2013-14",2,437,3475,38742,3.13,34.85
3,ELA,"2013-14",2,436,3272,35267,2.94,31.72
3,ELA,"2013-14",2,435,3051,31995,2.74,28.78
3,ELA,"2013-14",2,434,2759,28944,2.48,26.03
3,ELA,"2013-14",2,433,2554,26185,2.30,23.55
3,ELA,"2013-14",2,432,2407,23631,2.16,21.25
3,ELA,"2013-14",1,431,1916,21224,1.72,19.09
3,ELA,"2013-14",1,430,1904,19308,1.71,17.37
3,ELA,"2013-14",1,429,1701,17404,1.53,15.65
3,ELA,"2013-14",1,428,2409,15703,2.17,14.12
3,ELA,"2013-14",1,427,1492,13294,1.34,11.96
3,ELA,"2013-14",1,426,1339,11802,1.20,10.62
3,ELA,"2013-14",1,425,1323,10463,1.19,9.41
3,ELA,"2013-14",1,424,1201,9140,1.08,8.22
3,ELA,"2013-14",1,423,1234,7939,1.11,7.14
3,ELA,"2013-14",1,422,1128,6705,1.01,6.03
3,ELA,"2013-14",1,421,1032,5577,0.93,5.02
3,ELA,"2013-14",1,420,480,4545,0.43,4.09
3,ELA,"2013-14",1,419,941,4065,0.85,3.66
3,ELA,"2013-14",1,418,893,3124,0.80,2.81
3,ELA,"2013-14",1,417,674,2231,0.61,2.01
3,ELA,"2013-14",1,416,248,1557,0.22,1.40
3,ELA,"2013-14",1,415,501,1309,0.45,1.18
3,ELA,"2013-14",1,414,224,808,0.20,0.73
3,ELA,"2013-14",1,413,266,584,0.24,0.53
3,ELA,"2013-14",1,412,160,318,0.14,0.29
3,ELA,"2013-14",1,411,85,158,0.08,0.14
3,ELA,"2013-14",1,410,36,73,0.03,0.07
3,ELA,"2013-14",1,409,23,37,0.02,0.03
3,ELA,"2013-14",1,408,2,14,0.00,0.01
3,ELA,"2013-14",1,407,2,12,0.00,0.01
3,ELA,"2013-14",1,406,10,10,0.01,0.0
3,MA,"2013-14",5,473,356,112017,0.32,100.00
3,MA,"2013-14",5,472,590,111661,0.53,99.68
3,MA,"2013-14",5,470,761,111071,0.68,99.16
3,MA,"2013-14",5,469,1183,110310,1.06,98.48
3,MA,"2013-14",5,467,1195,109127,1.07,97.42
3,MA,"2013-14",5,466,1616,107932,1.44,96.35
3,MA,"2013-14",5,465,1459,106316,1.30,94.91
3,MA,"2013-14",5,464,1917,104857,1.71,93.61
3,MA,"2013-14",5,463,1617,102940,1.44,91.90
3,MA,"2013-14",5,462,3887,101323,3.47,90.45
3,MA,"2013-14",5,460,4212,97436,3.76,86.98
3,MA,"2013-14",4,459,4226,93224,3.77,83.22
3,MA,"2013-14",4,458,4108,88998,3.67,79.45
3,MA,"2013-14",4,457,4253,84890,3.80,75.78
3,MA,"2013-14",4,456,4156,80637,3.71,71.99
3,MA,"2013-14",4,455,4145,76481,3.70,68.28
3,MA,"2013-14",4,454,3938,72336,3.52,64.58
3,MA,"2013-14",4,453,4001,68398,3.57,61.06
3,MA,"2013-14",4,452,3842,64397,3.43,57.49
3,MA,"2013-14",4,451,3894,60555,3.48,54.06
3,MA,"2013-14",3,450,3625,56661,3.24,50.58
3,MA,"2013-14",3,449,7371,53036,6.58,47.35
3,MA,"2013-14",3,448,3361,45665,3.00,40.77
3,MA,"2013-14",2,447,3415,42304,3.05,37.77
3,MA,"2013-14",2,446,3390,38889,3.03,34.72
3,MA,"2013-14",2,445,3103,35499,2.77,31.69
3,MA,"2013-14",2,444,3137,32396,2.80,28.92
3,MA,"2013-14",2,443,3097,29259,2.76,26.12
3,MA,"2013-14",2,442,2999,26162,2.68,23.36
3,MA,"2013-14",2,441,2880,23163,2.57,20.68
3,MA,"2013-14",2,440,2956,20283,2.64,18.11
3,MA,"2013-14",1,439,2726,17327,2.43,15.47
3,MA,"2013-14",1,438,2555,14601,2.28,13.04
3,MA,"2013-14",1,437,1194,12046,1.07,10.75
3,MA,"2013-14",1,436,2398,10852,2.14,9.69
3,MA,"2013-14",1,435,2152,8454,1.92,7.55
3,MA,"2013-14",1,434,1876,6302,1.67,5.63
3,MA,"2013-14",1,433,789,4426,0.70,3.95
3,MA,"2013-14",1,432,682,3637,0.61,3.25
3,MA,"2013-14",1,431,1135,2955,1.01,2.64
3,MA,"2013-14",1,430,787,1820,0.70,1.63
3,MA,"2013-14",1,429,493,1033,0.44,0.92
3,MA,"2013-14",1,428,297,540,0.27,0.48
3,MA,"2013-14",1,427,53,243,0.05,0.22
3,MA,"2013-14",1,426,108,190,0.10,0.17
3,MA,"2013-14",1,425,43,82,0.04,0.07
3,MA,"2013-14",1,424,18,39,0.02,0.04
3,MA,"2013-14",1,423,5,21,0.00,0.02
3,MA,"2013-14",1,422,11,16,0.01,0.01
3,MA,"2013-14",1,421,5,5,0.00,0.00
4,ELA,"2013-14",5,468,907,103553,0.88,100.00
4,ELA,"2013-14",5,464,2474,102646,2.39,99.12
4,ELA,"2013-14",5,461,3885,100172,3.75,96.74
4,ELA,"2013-14",4,459,2498,96287,2.41,92.98
4,ELA,"2013-14",4,458,2588,93789,2.50,90.57
4,ELA,"2013-14",4,457,2909,91201,2.81,88.07
4,ELA,"2013-14",4,456,3014,88292,2.91,85.26
4,ELA,"2013-14",4,455,2891,85278,2.79,82.35
4,ELA,"2013-14",4,454,3102,82387,3.00,79.56
4,ELA,"2013-14",4,453,2956,79285,2.85,76.57
4,ELA,"2013-14",4,452,3088,76329,2.98,73.71
4,ELA,"2013-14",4,451,6076,73241,5.87,70.73
4,ELA,"2013-14",4,450,2756,67165,2.66,64.86
4,ELA,"2013-14",4,449,5543,64409,5.35,62.20
4,ELA,"2013-14",4,448,2790,58866,2.69,56.85
4,ELA,"2013-14",3,447,2423,56076,2.34,54.15
4,ELA,"2013-14",3,446,4728,53653,4.57,51.81
4,ELA,"2013-14",3,445,4565,48925,4.41,47.25
4,ELA,"2013-14",2,444,4086,44360,3.95,42.84
4,ELA,"2013-14",2,443,3880,40274,3.75,38.89
4,ELA,"2013-14",2,442,3597,36394,3.47,35.15
4,ELA,"2013-14",2,441,3320,32797,3.21,31.67
4,ELA,"2013-14",2,440,1462,29477,1.41,28.47
4,ELA,"2013-14",2,439,2832,28015,2.73,27.05
4,ELA,"2013-14",1,438,2669,25183,2.58,24.32
4,ELA,"2013-14",1,437,2462,22514,2.38,21.74
4,ELA,"2013-14",1,436,2285,20052,2.21,19.36
4,ELA,"2013-14",1,435,2214,17767,2.14,17.16
4,ELA,"2013-14",1,434,1920,15553,1.85,15.02
4,ELA,"2013-14",1,433,1802,13633,1.74,13.17
4,ELA,"2013-14",1,432,1641,11831,1.58,11.43
4,ELA,"2013-14",1,431,1527,10190,1.47,9.84
4,ELA,"2013-14",1,430,1444,8663,1.39,8.37
4,ELA,"2013-14",1,429,1288,7219,1.24,6.97
4,ELA,"2013-14",1,428,1157,5931,1.12,5.73
4,ELA,"2013-14",1,427,1027,4774,0.99,4.61
4,ELA,"2013-14",1,426,882,3747,0.85,3.62
4,ELA,"2013-14",1,424,769,2865,0.74,2.77
4,ELA,"2013-14",1,423,621,2096,0.60,2.02
4,ELA,"2013-14",1,422,521,1475,0.50,1.42
4,ELA,"2013-14",1,421,383,954,0.37,0.92
4,ELA,"2013-14",1,420,251,571,0.24,0.55
4,ELA,"2013-14",1,419,156,320,0.15,0.31
4,ELA,"2013-14",1,418,54,164,0.05,0.16
4,ELA,"2013-14",1,417,56,110,0.05,0.11
4,ELA,"2013-14",1,416,30,54,0.03,0.05
4,ELA,"2013-14",1,415,12,24,0.01,0.02
4,ELA,"2013-14",1,414,4,12,0.00,0.01
4,ELA,"2013-14",1,412,8,8,0.01,0.01
4,MA,"2013-14",5,475,111,103977,0.11,100.00
4,MA,"2013-14",5,473,338,103866,0.33,99.89
4,MA,"2013-14",5,472,421,103528,0.40,99.57
4,MA,"2013-14",5,470,793,103107,0.76,99.16
4,MA,"2013-14",5,469,677,102314,0.65,98.40
4,MA,"2013-14",5,467,2235,101637,2.15,97.75
4,MA,"2013-14",5,465,2631,99402,2.53,95.60
4,MA,"2013-14",5,464,1442,96771,1.39,93.07
4,MA,"2013-14",5,463,1546,95329,1.49,91.68
4,MA,"2013-14",5,462,3249,93783,3.12,90.20
4,MA,"2013-14",5,461,3198,90534,3.08,87.07
4,MA,"2013-14",5,460,1585,87336,1.52,84.00
4,MA,"2013-14",4,459,1730,85751,1.66,82.47
4,MA,"2013-14",4,458,3286,84021,3.16,80.81
4,MA,"2013-14",4,457,3308,80735,3.18,77.65
4,MA,"2013-14",4,456,4813,77427,4.63,74.47
4,MA,"2013-14",4,455,4841,72614,4.66,69.84
4,MA,"2013-14",4,454,3173,67773,3.05,65.18
4,MA,"2013-14",4,453,3154,64600,3.03,62.13
4,MA,"2013-14",4,452,3092,61446,2.97,59.10
4,MA,"2013-14",4,451,4601,58354,4.43,56.12
4,MA,"2013-14",3,450,3051,53753,2.93,51.70
4,MA,"2013-14",3,449,4532,50702,4.36,48.76
4,MA,"2013-14",2,448,3010,46170,2.89,44.40
4,MA,"2013-14",2,447,2813,43160,2.71,41.51
4,MA,"2013-14",2,446,4396,40347,4.23,38.80
4,MA,"2013-14",2,445,2970,35951,2.86,34.58
4,MA,"2013-14",2,444,2917,32981,2.81,31.72
4,MA,"2013-14",2,443,2885,30064,2.77,28.91
4,MA,"2013-14",2,442,2924,27179,2.81,26.14
4,MA,"2013-14",2,441,2885,24255,2.77,23.33
4,MA,"2013-14",1,440,2867,21370,2.76,20.55
4,MA,"2013-14",1,439,2911,18503,2.80,17.80
4,MA,"2013-14",1,438,1354,15592,1.30,15.00
4,MA,"2013-14",1,437,2849,14238,2.74,13.69
4,MA,"2013-14",1,436,1369,11389,1.32,10.95
4,MA,"2013-14",1,435,2511,10020,2.41,9.64
4,MA,"2013-14",1,434,2286,7509,2.20,7.22
4,MA,"2013-14",1,433,1866,5223,1.79,5.02
4,MA,"2013-14",1,432,694,3357,0.67,3.23
4,MA,"2013-14",1,431,713,2663,0.69,2.56
4,MA,"2013-14",1,430,958,1950,0.92,1.88
4,MA,"2013-14",1,429,547,992,0.53,0.95
4,MA,"2013-14",1,428,274,445,0.26,0.43
4,MA,"2013-14",1,427,130,171,0.13,0.16
4,MA,"2013-14",1,426,27,41,0.03,0.04
4,MA,"2013-14",1,425,9,14,0.01,0.01
4,MA,"2013-14",1,424,5,5,0.00,0.01
5,ELA,"2013-14",5,472,601,111175,0.54,100.00
5,ELA,"2013-14",5,469,1873,110574,1.68,99.46
5,ELA,"2013-14",5,467,1472,108701,1.32,97.78
5,ELA,"2013-14",5,466,1590,107229,1.43,96.45
5,ELA,"2013-14",5,464,4186,105639,3.77,95.02
5,ELA,"2013-14",4,462,2331,101453,2.10,91.26
5,ELA,"2013-14",4,461,2560,99122,2.30,89.16
5,ELA,"2013-14",4,460,5414,96562,4.87,86.86
5,ELA,"2013-14",4,459,2738,91148,2.46,81.99
5,ELA,"2013-14",4,458,3050,88410,2.74,79.52
5,ELA,"2013-14",4,457,3005,85360,2.70,76.78
5,ELA,"2013-14",4,456,5855,82355,5.27,74.08
5,ELA,"2013-14",4,455,3064,76500,2.76,68.81
5,ELA,"2013-14",4,454,2760,73436,2.48,66.05
5,ELA,"2013-14",4,453,5578,70676,5.02,63.57
5,ELA,"2013-14",3,452,5286,65098,4.75,58.56
5,ELA,"2013-14",3,451,5099,59812,4.59,53.80
5,ELA,"2013-14",3,450,4983,54713,4.48,49.21
5,ELA,"2013-14",2,449,4496,49730,4.04,44.73
5,ELA,"2013-14",2,448,4306,45234,3.87,40.69
5,ELA,"2013-14",2,447,4011,40928,3.61,36.81
5,ELA,"2013-14",2,446,3781,36917,3.40,33.21
5,ELA,"2013-14",2,445,1728,33136,1.55,29.81
5,ELA,"2013-14",2,444,3317,31408,2.98,28.25
5,ELA,"2013-14",2,443,3138,28091,2.82,25.27
5,ELA,"2013-14",1,442,2850,24953,2.56,22.45
5,ELA,"2013-14",1,441,2611,22103,2.35,19.88
5,ELA,"2013-14",1,440,2456,19492,2.21,17.53
5,ELA,"2013-14",1,439,2202,17036,1.98,15.32
5,ELA,"2013-14",1,438,2038,14834,1.83,13.34
5,ELA,"2013-14",1,437,1882,12796,1.69,11.51
5,ELA,"2013-14",1,436,1747,10914,1.57,9.82
5,ELA,"2013-14",1,435,1613,9167,1.45,8.25
5,ELA,"2013-14",1,434,1446,7554,1.30,6.80
5,ELA,"2013-14",1,433,1298,6108,1.17,5.49
5,ELA,"2013-14",1,432,1147,4810,1.03,4.33
5,ELA,"2013-14",1,431,533,3663,0.48,3.30
5,ELA,"2013-14",1,430,868,3130,0.78,2.82
5,ELA,"2013-14",1,429,380,2262,0.34,2.04
5,ELA,"2013-14",1,428,670,1882,0.60,1.69
5,ELA,"2013-14",1,427,495,1212,0.45,1.09
5,ELA,"2013-14",1,426,302,717,0.27,0.65
5,ELA,"2013-14",1,425,205,415,0.18,0.37
5,ELA,"2013-14",1,424,109,210,0.10,0.19
5,ELA,"2013-14",1,423,52,101,0.05,0.09
5,ELA,"2013-14",1,422,29,49,0.03,0.04
5,ELA,"2013-14",1,421,16,20,0.01,0.02
5,ELA,"2013-14",1,420,1,4,0.00,0.00
5,ELA,"2013-14",1,419,3,3,0.00,0.00
5,MA,"2013-14",5,475,274,111718,0.25,100.00
5,MA,"2013-14",5,474,327,111444,0.29,99.76
5,MA,"2013-14",5,471,592,111117,0.53,99.46
5,MA,"2013-14",5,470,753,110525,0.67,98.93
5,MA,"2013-14",5,469,875,109772,0.78,98.26
5,MA,"2013-14",5,468,1062,108897,0.95,97.48
5,MA,"2013-14",5,467,1109,107835,0.99,96.52
5,MA,"2013-14",5,466,1228,106726,1.10,95.53
5,MA,"2013-14",5,465,1292,105498,1.16,94.43
5,MA,"2013-14",5,464,2836,104206,2.54,93.28
5,MA,"2013-14",5,463,1554,101370,1.39,90.74
5,MA,"2013-14",5,462,3125,99816,2.80,89.35
5,MA,"2013-14",5,461,1538,96691,1.38,86.55
5,MA,"2013-14",5,460,3310,95153,2.96,85.17
5,MA,"2013-14",4,459,3307,91843,2.96,82.21
5,MA,"2013-14",4,458,3455,88536,3.09,79.25
5,MA,"2013-14",4,457,3453,85081,3.09,76.16
5,MA,"2013-14",4,456,5293,81628,4.74,73.07
5,MA,"2013-14",4,455,5343,76335,4.78,68.33
5,MA,"2013-14",4,454,3550,70992,3.18,63.55
5,MA,"2013-14",4,453,3482,67442,3.12,60.37
5,MA,"2013-14",4,452,3445,63960,3.08,57.25
5,MA,"2013-14",4,451,6803,60515,6.09,54.17
5,MA,"2013-14",3,450,3391,53712,3.04,48.08
5,MA,"2013-14",3,449,3340,50321,2.99,45.04
5,MA,"2013-14",2,448,3438,46981,3.08,42.05
5,MA,"2013-14",2,447,3466,43543,3.10,38.98
5,MA,"2013-14",2,446,3394,40077,3.04,35.87
5,MA,"2013-14",2,445,3460,36683,3.10,32.84
5,MA,"2013-14",2,444,3321,33223,2.97,29.74
5,MA,"2013-14",2,443,3247,29902,2.91,26.77
5,MA,"2013-14",2,442,3314,26655,2.97,23.86
5,MA,"2013-14",2,441,3229,23341,2.89,20.89
5,MA,"2013-14",1,440,3149,20112,2.82,18.00
5,MA,"2013-14",1,439,1366,16963,1.22,15.18
5,MA,"2013-14",1,438,2985,15597,2.67,13.96
5,MA,"2013-14",1,437,1473,12612,1.32,11.29
5,MA,"2013-14",1,436,2637,11139,2.36,9.97
5,MA,"2013-14",1,435,2351,8502,2.10,7.61
5,MA,"2013-14",1,434,1058,6151,0.95,5.51
5,MA,"2013-14",1,433,1749,5093,1.57,4.56
5,MA,"2013-14",1,432,715,3344,0.64,2.99
5,MA,"2013-14",1,431,1093,2629,0.98,2.35
5,MA,"2013-14",1,430,743,1536,0.67,1.38
5,MA,"2013-14",1,429,423,793,0.38,0.71
5,MA,"2013-14",1,428,234,370,0.21,0.33
5,MA,"2013-14",1,427,82,136,0.07,0.12
5,MA,"2013-14",1,426,47,54,0.04,0.05
5,MA,"2013-14",1,425,5,7,0.00,0.01
5,MA,"2013-14",1,424,2,2,0.00,0.00
