From http://www.ncpublicschools.org/docs/accountability/reports/green/eogeocscrfreq1415.pdf
2014-15 Grades 3, 4, 5,ELA and MA,Level,Frequency,counts

Grade,Subject,acYear,Level,Score,Freq,X,Y,Z
3,MA,"2014-15",5,473,305,116404,0.26,100.00
3,MA,"2014-15",5,472,557,116099,0.48,99.74
3,MA,"2014-15",5,470,777,115542,0.67,99.26
3,MA,"2014-15",5,469,1238,114765,1.06,98.59
3,MA,"2014-15",5,467,1196,113527,1.03,97.53
3,MA,"2014-15",5,466,1679,112331,1.44,96.50
3,MA,"2014-15",5,465,1500,110652,1.29,95.06
3,MA,"2014-15",5,464,1976,109152,1.70,93.77
3,MA,"2014-15",5,463,1768,107176,1.52,92.07
3,MA,"2014-15",5,462,4034,105408,3.47,90.55
3,MA,"2014-15",5,460,4154,101374,3.57,87.09
3,MA,"2014-15",4,459,4225,97220,3.63,83.52
3,MA,"2014-15",4,458,4330,92995,3.72,79.89
3,MA,"2014-15",4,457,4541,88665,3.90,76.17
3,MA,"2014-15",4,456,4368,84124,3.75,72.27
3,MA,"2014-15",4,455,4284,79756,3.68,68.52
3,MA,"2014-15",4,454,4246,75472,3.65,64.84
3,MA,"2014-15",4,453,4178,71226,3.59,61.19
3,MA,"2014-15",4,452,3926,67048,3.37,57.60
3,MA,"2014-15",4,451,3784,63122,3.25,54.23
3,MA,"2014-15",3,450,3840,59338,3.30,50.98
3,MA,"2014-15",3,449,7444,55498,6.39,47.68
3,MA,"2014-15",3,448,3610,48054,3.10,41.28
3,MA,"2014-15",2,447,3440,44444,2.96,38.18
3,MA,"2014-15",2,446,3320,41004,2.85,35.23
3,MA,"2014-15",2,445,3217,37684,2.76,32.37
3,MA,"2014-15",2,444,3181,34467,2.73,29.61
3,MA,"2014-15",2,443,3156,31286,2.71,26.88
3,MA,"2014-15",2,442,3139,28130,2.70,24.17
3,MA,"2014-15",2,441,2976,24991,2.56,21.47
3,MA,"2014-15",2,440,2990,22015,2.57,18.91
3,MA,"2014-15",1,439,2862,19025,2.46,16.34
3,MA,"2014-15",1,438,2732,16163,2.35,13.89
3,MA,"2014-15",1,437,1302,13431,1.12,11.54
3,MA,"2014-15",1,436,2579,12129,2.22,10.42
3,MA,"2014-15",1,435,2266,9550,1.95,8.20
3,MA,"2014-15",1,434,2047,7284,1.76,6.26
3,MA,"2014-15",1,433,855,5237,0.73,4.50
3,MA,"2014-15",1,432,804,4382,0.69,3.76
3,MA,"2014-15",1,431,1339,3578,1.15,3.07
3,MA,"2014-15",1,430,949,2239,0.82,1.92
3,MA,"2014-15",1,429,551,1290,0.47,1.11
3,MA,"2014-15",1,428,394,739,0.34,0.64
3,MA,"2014-15",1,427,87,345,0.07,0.30
3,MA,"2014-15",1,426,143,258,0.12,0.22
3,MA,"2014-15",1,425,64,115,0.05,0.10
3,MA,"2014-15",1,424,26,51,0.02,0.04
3,MA,"2014-15",1,423,5,25,0.00,0.02
3,MA,"2014-15",1,422,7,20,0.01,0.02
3,MA,"2014-15",1,421,13,13,0.01,0.01
4,MA,"2014-15",5,475,122,113968,0.11,100.00
4,MA,"2014-15",5,473,422,113846,0.37,99.89
4,MA,"2014-15",5,472,457,113424,0.40,99.52
4,MA,"2014-15",5,470,942,112967,0.83,99.12
4,MA,"2014-15",5,469,920,112025,0.81,98.30
4,MA,"2014-15",5,467,2447,111105,2.15,97.49
4,MA,"2014-15",5,465,2979,108658,2.61,95.34
4,MA,"2014-15",5,464,1602,105679,1.41,92.73
4,MA,"2014-15",5,463,1735,104077,1.52,91.32
4,MA,"2014-15",5,462,3474,102342,3.05,89.80
4,MA,"2014-15",5,461,3536,98868,3.10,86.75
4,MA,"2014-15",5,460,1799,95332,1.58,83.65
4,MA,"2014-15",4,459,1891,93533,1.66,82.07
4,MA,"2014-15",4,458,3577,91642,3.14,80.41
4,MA,"2014-15",4,457,3536,88065,3.10,77.27
4,MA,"2014-15",4,456,5221,84529,4.58,74.17
4,MA,"2014-15",4,455,5461,79308,4.79,69.59
4,MA,"2014-15",4,454,3454,73847,3.03,64.80
4,MA,"2014-15",4,453,3454,70393,3.03,61.77
4,MA,"2014-15",4,452,3364,66939,2.95,58.74
4,MA,"2014-15",4,451,5037,63575,4.42,55.78
4,MA,"2014-15",3,450,3475,58538,3.05,51.36
4,MA,"2014-15",3,449,5004,55063,4.39,48.31
4,MA,"2014-15",2,448,3147,50059,2.76,43.92
4,MA,"2014-15",2,447,3150,46912,2.76,41.16
4,MA,"2014-15",2,446,4526,43762,3.97,38.40
4,MA,"2014-15",2,445,3063,39236,2.69,34.43
4,MA,"2014-15",2,444,3038,36173,2.67,31.74
4,MA,"2014-15",2,443,2985,33135,2.62,29.07
4,MA,"2014-15",2,442,3059,30150,2.68,26.46
4,MA,"2014-15",2,441,3083,27091,2.71,23.77
4,MA,"2014-15",1,440,2951,24008,2.59,21.07
4,MA,"2014-15",1,439,3124,21057,2.74,18.48
4,MA,"2014-15",1,438,1507,17933,1.32,15.74
4,MA,"2014-15",1,437,3044,16426,2.67,14.41
4,MA,"2014-15",1,436,1568,13382,1.38,11.74
4,MA,"2014-15",1,435,2813,11814,2.47,10.37
4,MA,"2014-15",1,434,2594,9001,2.28,7.90
4,MA,"2014-15",1,433,2263,6407,1.99,5.62
4,MA,"2014-15",1,432,846,4144,0.74,3.64
4,MA,"2014-15",1,431,815,3298,0.72,2.89
4,MA,"2014-15",1,430,1221,2483,1.07,2.18
4,MA,"2014-15",1,429,675,1262,0.59,1.11
4,MA,"2014-15",1,428,355,587,0.31,0.52
4,MA,"2014-15",1,427,158,232,0.14,0.20
4,MA,"2014-15",1,426,54,74,0.05,0.07
4,MA,"2014-15",1,425,14,20,0.01,0.02
4,MA,"2014-15",1,424,6,6,0.01,0.01
5,MA,"2014-15",5,475,269,106611,0.25,100.00
5,MA,"2014-15",5,474,466,106342,0.44,99.75
5,MA,"2014-15",5,471,1422,105876,1.33,99.31
5,MA,"2014-15",5,469,900,104454,0.84,97.98
5,MA,"2014-15",5,468,1058,103554,0.99,97.13
5,MA,"2014-15",5,467,1071,102496,1.00,96.14
5,MA,"2014-15",5,466,1276,101425,1.20,95.14
5,MA,"2014-15",5,465,2782,100149,2.61,93.94
5,MA,"2014-15",5,464,1315,97367,1.23,91.33
5,MA,"2014-15",5,463,1435,96052,1.35,90.10
5,MA,"2014-15",5,462,2831,94617,2.66,88.75
5,MA,"2014-15",5,461,2991,91786,2.81,86.09
5,MA,"2014-15",5,460,3123,88795,2.93,83.29
5,MA,"2014-15",4,459,3255,85672,3.05,80.36
5,MA,"2014-15",4,458,3312,82417,3.11,77.31
5,MA,"2014-15",4,457,3184,79105,2.99,74.20
5,MA,"2014-15",4,456,3268,75921,3.07,71.21
5,MA,"2014-15",4,455,4861,72653,4.56,68.15
5,MA,"2014-15",4,454,3207,67792,3.01,63.59
5,MA,"2014-15",4,453,4816,64585,4.52,60.58
5,MA,"2014-15",4,452,3262,59769,3.06,56.06
5,MA,"2014-15",4,451,4865,56507,4.56,53.00
5,MA,"2014-15",3,450,3217,51642,3.02,48.44
5,MA,"2014-15",3,449,3229,48425,3.03,45.42
5,MA,"2014-15",2,448,3066,45196,2.88,42.39
5,MA,"2014-15",2,447,4464,42130,4.19,39.52
5,MA,"2014-15",2,446,3008,37666,2.82,35.33
5,MA,"2014-15",2,445,3145,34658,2.95,32.51
5,MA,"2014-15",2,444,3079,31513,2.89,29.56
5,MA,"2014-15",2,443,3075,28434,2.88,26.67
5,MA,"2014-15",2,442,1539,25359,1.44,23.79
5,MA,"2014-15",2,441,2976,23820,2.79,22.34
5,MA,"2014-15",1,440,2986,20844,2.80,19.55
5,MA,"2014-15",1,439,1488,17858,1.40,16.75
5,MA,"2014-15",1,438,2904,16370,2.72,15.36
5,MA,"2014-15",1,437,1500,13466,1.41,12.63
5,MA,"2014-15",1,436,2708,11966,2.54,11.22
5,MA,"2014-15",1,435,2513,9258,2.36,8.68
5,MA,"2014-15",1,434,1090,6745,1.02,6.33
5,MA,"2014-15",1,433,1933,5655,1.81,5.30
5,MA,"2014-15",1,432,1496,3722,1.40,3.49
5,MA,"2014-15",1,431,561,2226,0.53,2.09
5,MA,"2014-15",1,430,813,1665,0.76,1.56
5,MA,"2014-15",1,429,478,852,0.45,0.80
5,MA,"2014-15",1,428,239,374,0.22,0.35
5,MA,"2014-15",1,427,92,135,0.09,0.13
5,MA,"2014-15",1,426,32,43,0.03,0.04
5,MA,"2014-15",1,425,2,11,0.00,0.01
5,MA,"2014-15",1,424,9,9,0.01,0.01
3,ELA,"2014-15",5,461,2161,116376,1.86,100.00
3,ELA,"2014-15",5,457,4632,114215,3.98,98.14
3,ELA,"2014-15",5,454,6075,109583,5.22,94.16
3,ELA,"2014-15",5,453,582,103508,0.50,88.94
3,ELA,"2014-15",4,451,6641,102926,5.71,88.44
3,ELA,"2014-15",4,449,7007,96285,6.02,82.74
3,ELA,"2014-15",4,447,7104,89278,6.10,76.72
3,ELA,"2014-15",4,445,7038,82174,6.05,70.61
3,ELA,"2014-15",4,444,6276,75136,5.39,64.56
3,ELA,"2014-15",4,443,240,68860,0.21,59.17
3,ELA,"2014-15",4,442,6340,68620,5.45,58.96
3,ELA,"2014-15",3,441,5118,62280,4.40,53.52
3,ELA,"2014-15",3,440,4891,57162,4.20,49.12
3,ELA,"2014-15",3,439,4618,52271,3.97,44.92
3,ELA,"2014-15",2,438,3838,47653,3.30,40.95
3,ELA,"2014-15",2,437,3517,43815,3.02,37.65
3,ELA,"2014-15",2,436,3266,40298,2.81,34.63
3,ELA,"2014-15",2,435,3044,37032,2.62,31.82
3,ELA,"2014-15",2,434,2881,33988,2.48,29.21
3,ELA,"2014-15",2,433,2736,31107,2.35,26.73
3,ELA,"2014-15",2,432,2534,28371,2.18,24.38
3,ELA,"2014-15",1,431,2041,25837,1.75,22.20
3,ELA,"2014-15",1,430,1879,23796,1.61,20.45
3,ELA,"2014-15",1,429,1867,21917,1.60,18.83
3,ELA,"2014-15",1,428,2639,20050,2.27,17.23
3,ELA,"2014-15",1,427,1651,17411,1.42,14.96
3,ELA,"2014-15",1,426,1492,15760,1.28,13.54
3,ELA,"2014-15",1,425,1433,14268,1.23,12.26
3,ELA,"2014-15",1,424,1438,12835,1.24,11.03
3,ELA,"2014-15",1,423,1365,11397,1.17,9.79
3,ELA,"2014-15",1,422,1484,10032,1.28,8.62
3,ELA,"2014-15",1,421,1432,8548,1.23,7.35
3,ELA,"2014-15",1,420,648,7116,0.56,6.12
3,ELA,"2014-15",1,419,1352,6468,1.16,5.56
3,ELA,"2014-15",1,418,1223,5116,1.05,4.40
3,ELA,"2014-15",1,417,1201,3893,1.03,3.35
3,ELA,"2014-15",1,416,443,2692,0.38,2.31
3,ELA,"2014-15",1,415,837,2249,0.72,1.93
3,ELA,"2014-15",1,414,367,1412,0.32,1.21
3,ELA,"2014-15",1,413,462,1045,0.40,0.90
3,ELA,"2014-15",1,412,304,583,0.26,0.50
3,ELA,"2014-15",1,411,154,279,0.13,0.24
3,ELA,"2014-15",1,410,72,125,0.06,0.11
3,ELA,"2014-15",1,409,25,53,0.02,0.05
3,ELA,"2014-15",1,408,8,28,0.01,0.02
3,ELA,"2014-15",1,407,4,20,0.00,0.02
3,ELA,"2014-15",1,406,16,16,0.01,0.01
4,ELA,"2014-15",5,468,1031,113959,0.90,100.00
4,ELA,"2014-15",5,464,2771,112928,2.43,99.10
4,ELA,"2014-15",5,461,4463,110157,3.92,96.66
4,ELA,"2014-15",4,459,2761,105694,2.42,92.75
4,ELA,"2014-15",4,458,2916,102933,2.56,90.33
4,ELA,"2014-15",4,457,3222,100017,2.83,87.77
4,ELA,"2014-15",4,456,3412,96795,2.99,84.94
4,ELA,"2014-15",4,455,3368,93383,2.96,81.94
4,ELA,"2014-15",4,454,3394,90015,2.98,78.99
4,ELA,"2014-15",4,453,3417,86621,3.00,76.01
4,ELA,"2014-15",4,452,3716,83204,3.26,73.01
4,ELA,"2014-15",4,451,6794,79488,5.96,69.75
4,ELA,"2014-15",4,450,3089,72694,2.71,63.79
4,ELA,"2014-15",4,449,6267,69605,5.50,61.08
4,ELA,"2014-15",4,448,3151,63338,2.77,55.58
4,ELA,"2014-15",3,447,2626,60187,2.30,52.82
4,ELA,"2014-15",3,446,5540,57561,4.86,50.51
4,ELA,"2014-15",3,445,5087,52021,4.46,45.65
4,ELA,"2014-15",2,444,4503,46934,3.95,41.19
4,ELA,"2014-15",2,443,4122,42431,3.62,37.23
4,ELA,"2014-15",2,442,3717,38309,3.26,33.62
4,ELA,"2014-15",2,441,3440,34592,3.02,30.36
4,ELA,"2014-15",2,440,1525,31152,1.34,27.34
4,ELA,"2014-15",2,439,3032,29627,2.66,26.00
4,ELA,"2014-15",1,438,2811,26595,2.47,23.34
4,ELA,"2014-15",1,437,2515,23784,2.21,20.87
4,ELA,"2014-15",1,436,2327,21269,2.04,18.66
4,ELA,"2014-15",1,435,2087,18942,1.83,16.62
4,ELA,"2014-15",1,434,1942,16855,1.70,14.79
4,ELA,"2014-15",1,433,1810,14913,1.59,13.09
4,ELA,"2014-15",1,432,1654,13103,1.45,11.50
4,ELA,"2014-15",1,431,1455,11449,1.28,10.05
4,ELA,"2014-15",1,430,1387,9994,1.22,8.77
4,ELA,"2014-15",1,429,1252,8607,1.10,7.55
4,ELA,"2014-15",1,428,1225,7355,1.07,6.45
4,ELA,"2014-15",1,427,1120,6130,0.98,5.38
4,ELA,"2014-15",1,426,1015,5010,0.89,4.40
4,ELA,"2014-15",1,424,948,3995,0.83,3.51
4,ELA,"2014-15",1,423,856,3047,0.75,2.67
4,ELA,"2014-15",1,422,743,2191,0.65,1.92
4,ELA,"2014-15",1,421,566,1448,0.50,1.27
4,ELA,"2014-15",1,420,387,882,0.34,0.77
4,ELA,"2014-15",1,419,235,495,0.21,0.43
4,ELA,"2014-15",1,418,60,260,0.05,0.23
4,ELA,"2014-15",1,417,108,200,0.09,0.18
4,ELA,"2014-15",1,416,47,92,0.04,0.08
4,ELA,"2014-15",1,415,25,45,0.02,0.04
4,ELA,"2014-15",1,414,2,20,0.00,0.02
4,ELA,"2014-15",1,413,3,18,0.00,0.02
4,ELA,"2014-15",1,412,15,15,0.00,0.01
5,ELA,"2014-15",5,473,285,106589,0.27,100.00
5,ELA,"2014-15",5,472,296,106304,0.28,99.73
5,ELA,"2014-15",5,469,1635,106008,1.53,99.46
5,ELA,"2014-15",5,467,2873,104373,2.70,97.92
5,ELA,"2014-15",5,464,3919,101500,3.68,95.23
5,ELA,"2014-15",4,462,4594,97581,4.31,91.55
5,ELA,"2014-15",4,460,5138,92987,4.82,87.24
5,ELA,"2014-15",4,459,5322,87849,4.99,82.42
5,ELA,"2014-15",4,457,5274,82527,4.95,77.43
5,ELA,"2014-15",4,456,5304,77253,4.98,72.48
5,ELA,"2014-15",4,454,5162,71949,4.84,67.50
5,ELA,"2014-15",4,453,5054,66787,4.74,62.66
5,ELA,"2014-15",3,452,4819,61733,4.52,57.92
5,ELA,"2014-15",3,451,4566,56914,4.28,53.40
5,ELA,"2014-15",3,450,2106,52348,1.98,49.11
5,ELA,"2014-15",2,449,4069,50242,3.82,47.14
5,ELA,"2014-15",2,448,3701,46173,3.47,43.32
5,ELA,"2014-15",2,447,3601,42472,3.38,39.85
5,ELA,"2014-15",2,446,3334,38871,3.13,36.47
5,ELA,"2014-15",2,445,3102,35537,2.91,33.34
5,ELA,"2014-15",2,444,2961,32435,2.78,30.43
5,ELA,"2014-15",2,443,2743,29474,2.57,27.65
5,ELA,"2014-15",1,442,2502,26731,2.35,25.08
5,ELA,"2014-15",1,441,2294,24229,2.15,22.73
5,ELA,"2014-15",1,440,2186,21935,2.05,20.58
5,ELA,"2014-15",1,439,2082,19749,1.95,18.53
5,ELA,"2014-15",1,438,1977,17667,1.85,16.58
5,ELA,"2014-15",1,437,1878,15690,1.76,14.72
5,ELA,"2014-15",1,436,1728,13812,1.62,12.96
5,ELA,"2014-15",1,435,1668,12084,1.56,11.34
5,ELA,"2014-15",1,434,1607,10416,1.51,9.77
5,ELA,"2014-15",1,433,1549,8809,1.45,8.26
5,ELA,"2014-15",1,432,1429,7260,1.34,6.81
5,ELA,"2014-15",1,431,1334,5831,1.25,5.47
5,ELA,"2014-15",1,430,1253,4497,1.18,4.22
5,ELA,"2014-15",1,429,510,3244,0.48,3.04
5,ELA,"2014-15",1,428,542,2734,0.51,2.57
5,ELA,"2014-15",1,427,844,2192,0.79,2.06
5,ELA,"2014-15",1,426,575,1348,0.54,1.27
5,ELA,"2014-15",1,425,367,773,0.34,0.73
5,ELA,"2014-15",1,424,241,406,0.23,0.38
5,ELA,"2014-15",1,423,89,165,0.08,0.16
5,ELA,"2014-15",1,422,43,76,0.04,0.07
5,ELA,"2014-15",1,421,16,33,0.02,0.03
5,ELA,"2014-15",1,420,5,17,0.00,0.02
5,ELA,"2014-15",1,419,4,12,0.00,0.01
5,ELA,"2014-15",1,418,8,8,0.01,0.01
